lr0: 0.01231
lrf: 0.01698
momentum: 0.82125
weight_decay: 0.00037
warmup_epochs: 3.9
warmup_momentum: 0.42435
warmup_bias_lr: 0.0686
box: 0.03976
cls: 0.4867
cls_pw: 0.57475
obj: 0.385
obj_pw: 0.77134
iou_t: 0.212
anchor_t: 3.26838
anchors: 3.28767
fl_gamma: 0.0
hsv_h: 0.0903
hsv_s: 0.0976
hsv_v: 0.23162
degrees: 11.93582
translate: 0.04809
scale: 0.30607
shear: 0.0
perspective: 0.0
flipud: 0.33
fliplr: 0.5
mosaic: 0.1087
mixup: 0.0
